truePos,falsePos,trueNeg,falseNeg
Original Naive Bayes
845.0,6.0,265.0,270.0
759.0,10.0,283.0,333.0
755.0,8.0,278.0,346.0
770.0,11.0,267.0,338.0
813.0,12.0,267.0,295.0
803.0,6.0,243.0,334.0
824.0,5.0,269.0,287.0
833.0,7.0,254.0,293.0
791.0,11.0,261.0,322.0
786.0,9.0,261.0,331.0
+Negation handling
816.0,3.0,268.0,299.0
697.0,6.0,287.0,395.0
684.0,6.0,280.0,417.0
688.0,5.0,273.0,420.0
730.0,6.0,273.0,378.0
736.0,6.0,243.0,401.0
751.0,4.0,270.0,360.0
735.0,6.0,255.0,391.0
704.0,4.0,268.0,409.0
714.0,5.0,265.0,403.0
+INB-1 algorithm
838.0,4.0,267.0,277.0
710.0,6.0,287.0,382.0
712.0,8.0,278.0,389.0
714.0,7.0,271.0,394.0
755.0,7.0,272.0,353.0
756.0,5.0,244.0,381.0
765.0,3.0,271.0,346.0
768.0,6.0,255.0,358.0
732.0,4.0,268.0,381.0
736.0,7.0,263.0,381.0
+ Cheating (manually make threshold for classifying negatives higher)
991.0,29.0,242.0,124.0
892.0,52.0,242.0,200.0
886.0,41.0,245.0,215.0
902.0,59.0,219.0,206.0
925.0,55.0,224.0,183.0
918.0,40.0,209.0,219.0
924.0,59.0,216.0,187.0
944.0,47.0,214.0,182.0
922.0,42.0,230.0,192.0
915.0,50.0,220.0,202.0
+laplace smoothing(Mathematically more correct than original version)
854.0,5.0,266.0,261.0
742.0,7.0,286.0,350.0
723.0,7.0,279.0,378.0
736.0,9.0,269.0,372.0
781.0,8.0,271.0,327.0
778.0,4.0,245.0,359.0
786.0,5.0,269.0,325.0
799.0,5.0,256.0,327.0
748.0,7.0,265.0,365.0
751.0,8.0,262.0,366.0
laplace smoothing + gradient descent 
854.0,5.0,266.0,261.0
751.0,8.0,285.0,341.0
731.0,7.0,279.0,370.0
745.0,9.0,269.0,363.0
788.0,9.0,270.0,320.0
788.0,4.0,245.0,349.0
792.0,5.0,269.0,319.0
804.0,5.0,256.0,322.0
758.0,7.0,265.0,355.0
764.0,10.0,260.0,353.0
laplace smoothing + gradient descent during dictionary training

1094.0,4.0,267.0,21.0
951.0,34.0,259.0,141.0
952.0,31.0,255.0,149.0
988.0,41.0,237.0,120.0
998.0,40.0,239.0,110.0
1014.0,34.0,215.0,123.0
993.0,31.0,243.0,118.0
1006.0,38.0,223.0,120.0
977.0,32.0,240.0,136.0
989.0,38.0,232.0,128.0
1080.0,5.0,266.0,35.0
951.0,35.0,258.0,141.0
953.0,32.0,254.0,148.0
988.0,43.0,235.0,120.0
999.0,42.0,237.0,109.0
1012.0,35.0,214.0,125.0
995.0,32.0,242.0,116.0
1009.0,38.0,223.0,117.0
978.0,32.0,240.0,135.0
993.0,41.0,229.0,124.0
